   0.0000000e+00   0.0000000e+00   0.0000000e+00   0.0000000e+00   0.0000000e+00   0.0000000e+00   0.0000000e+00   0.0000000e+00   0.0000000e+00   0.0000000e+00   0.0000000e+00   0.0000000e+00   0.0000000e+00   0.0000000e+00   0.0000000e+00   0.0000000e+00   0.0000000e+00   0.0000000e+00   0.0000000e+00   0.0000000e+00
   0.0000000e+00   0.0000000e+00   0.0000000e+00   0.0000000e+00   0.0000000e+00   0.0000000e+00   0.0000000e+00   0.0000000e+00   0.0000000e+00   1.5625000e-04  -7.0363562e-04  -9.4041054e-03  -1.9351195e-02  -9.3656386e-03  -6.7657271e-04   1.5318627e-04   0.0000000e+00   0.0000000e+00   0.0000000e+00   0.0000000e+00
   0.0000000e+00   0.0000000e+00   0.0000000e+00   0.0000000e+00   0.0000000e+00   0.0000000e+00   0.0000000e+00   0.0000000e+00   5.8701235e-05  -4.2772410e-04  -1.2726244e-02   3.7452050e-02   1.2999979e-01   3.6834974e-02  -6.5141556e-03   3.1735355e-04   0.0000000e+00   0.0000000e+00   0.0000000e+00   0.0000000e+00
   0.0000000e+00   0.0000000e+00   0.0000000e+00   0.0000000e+00   0.0000000e+00   0.0000000e+00   5.1062092e-06   2.5987526e-05  -6.4093137e-04  -2.5146650e-02   1.6170665e-01   6.9438911e-01   9.7982171e-01   6.9907930e-01   1.1733936e-01  -2.2916718e-02   2.3636642e-04   0.0000000e+00   0.0000000e+00   0.0000000e+00
   0.0000000e+00   0.0000000e+00   0.0000000e+00   0.0000000e+00   0.0000000e+00   0.0000000e+00   4.3641068e-04  -3.1060699e-03  -3.2330525e-02   1.3053256e-01   7.7986538e-01   1.0284484e+00   9.4186239e-01   1.0029358e+00   4.2194841e-01  -4.1440291e-03  -2.2603145e-03   0.0000000e+00   0.0000000e+00   0.0000000e+00
   0.0000000e+00   0.0000000e+00   0.0000000e+00   0.0000000e+00   0.0000000e+00   1.2833552e-17  -3.9550994e-03   7.5245608e-03   2.7820347e-01   7.8166486e-01   1.0367671e+00   1.0164807e+00   7.7514770e-01   6.0570440e-01   9.9321094e-01   3.8703845e-01  -2.5199449e-02   6.2093922e-18   0.0000000e+00   0.0000000e+00
   0.0000000e+00   0.0000000e+00   0.0000000e+00   0.0000000e+00   1.1642157e-04  -3.2628676e-04  -2.6853724e-02   1.7753983e-01   9.3672016e-01   1.0283658e+00   8.0449040e-01   8.8048843e-01   8.7363224e-01   3.2729922e-01   8.8201397e-01   5.0458344e-01  -3.7388991e-02   6.7261832e-04   0.0000000e+00   0.0000000e+00
   0.0000000e+00   0.0000000e+00   0.0000000e+00   8.5605968e-06   1.2005218e-04  -1.3865160e-02   1.0075501e-01   7.9289012e-01   1.0432096e+00   7.5713760e-01   1.6058672e-01   3.9212395e-01   2.1277835e-01  -3.2209925e-02   7.4575873e-01   7.7488588e-01   6.6212123e-02  -1.1315141e-02   0.0000000e+00   0.0000000e+00
   0.0000000e+00   0.0000000e+00   0.0000000e+00   1.9403595e-06  -1.4044458e-02   8.1565155e-02   6.4203171e-01   9.6562650e-01   5.9800322e-01   2.8466719e-01  -1.3817334e-02  -1.7412241e-02  -1.7235335e-02  -4.8305300e-02   7.2387427e-01   9.9003745e-01   2.9113450e-01  -3.5464107e-02   0.0000000e+00   0.0000000e+00
   0.0000000e+00   0.0000000e+00   0.0000000e+00  -7.3743873e-04  -2.8454248e-02   3.8280038e-01   1.0313684e+00   4.6316608e-01  -3.5940904e-03   4.8686513e-03   2.1487949e-03  -1.2009804e-04   0.0000000e+00  -4.3406914e-02   7.2334172e-01   1.0076948e+00   3.2305573e-01  -3.8821491e-02   0.0000000e+00   0.0000000e+00
   0.0000000e+00   0.0000000e+00   0.0000000e+00  -8.1340380e-03   8.0382659e-02   8.5784978e-01   8.5096861e-01   6.9172068e-02  -2.1675177e-02  -3.1868873e-03  -2.1262255e-04   5.5521514e-05   1.0993743e-03  -5.7515114e-02   7.2002034e-01   1.0085144e+00   3.0626031e-01  -3.7107741e-02   0.0000000e+00   0.0000000e+00
   0.0000000e+00   0.0000000e+00   0.0000000e+00  -1.8610447e-02   2.6654034e-01   1.0010976e+00   5.4312238e-01  -3.6410053e-03  -4.8102192e-03   0.0000000e+00   2.0424837e-04  -2.2390727e-03  -2.6179375e-02   9.5567419e-02   8.4532496e-01   7.3790504e-01   8.7607094e-02  -1.3352493e-02   0.0000000e+00   0.0000000e+00
   0.0000000e+00   0.0000000e+00   0.0000000e+00  -1.8741287e-02   2.7385375e-01   9.6971064e-01   3.4259974e-01  -4.1218040e-02   6.1656679e-05   8.3649260e-04  -6.8590763e-03  -2.7606838e-02   1.2287288e-01   7.2651263e-01   8.3185974e-01   2.1545529e-01  -2.5058192e-02   9.9096472e-04   0.0000000e+00   0.0000000e+00
   0.0000000e+00   0.0000000e+00   0.0000000e+00  -1.8757251e-02   2.7872954e-01   9.3092860e-01   2.6891878e-01  -5.0190066e-02  -1.2377332e-02  -3.7075112e-02   4.3171296e-04   3.6864549e-01   8.3081266e-01   6.9536697e-01   6.8883187e-02  -2.6962486e-02   2.3743873e-04   4.8917696e-05   0.0000000e+00   0.0000000e+00
   0.0000000e+00   0.0000000e+00   0.0000000e+00  -1.9096354e-02   2.7429361e-01   1.0038376e+00   6.6837464e-01   1.5610291e-01   1.5547748e-01   4.5264417e-01   7.2068095e-01   9.3641117e-01   7.2650177e-01   1.4711448e-01  -2.7776501e-02   1.3250613e-03   0.0000000e+00   0.0000000e+00   0.0000000e+00   0.0000000e+00
   0.0000000e+00   0.0000000e+00   0.0000000e+00  -1.6403901e-02   2.2467640e-01   9.6415736e-01   1.0125696e+00   9.0176265e-01   9.1486748e-01   1.0318013e+00   8.4813606e-01   4.5900672e-01   5.2444186e-02  -1.2004868e-02   3.5913671e-04   0.0000000e+00   0.0000000e+00   0.0000000e+00   0.0000000e+00   0.0000000e+00
   0.0000000e+00   0.0000000e+00   0.0000000e+00  -3.7819138e-03   2.7756298e-02   4.4925655e-01   9.0379560e-01   1.0474835e+00   9.2040135e-01   5.3902810e-01   1.5138341e-01  -4.2470180e-02  -6.1897191e-03  -3.0279820e-04   7.1486928e-05   0.0000000e+00   0.0000000e+00   0.0000000e+00   0.0000000e+00   0.0000000e+00
   0.0000000e+00   0.0000000e+00   0.0000000e+00   3.3034732e-04  -7.0631548e-03  -5.6040826e-03   1.0448157e-01   1.5105525e-01   1.0917390e-01  -2.4374261e-03  -2.2840437e-02   1.1735661e-03   0.0000000e+00   0.0000000e+00   0.0000000e+00   0.0000000e+00   0.0000000e+00   0.0000000e+00   0.0000000e+00   0.0000000e+00
   0.0000000e+00   0.0000000e+00   0.0000000e+00   1.2765523e-05   2.3471541e-04  -3.7831904e-03  -1.6642497e-02  -2.1604466e-02  -1.7105801e-02  -4.8029003e-03   1.9897195e-04   1.8892974e-05   0.0000000e+00   0.0000000e+00   0.0000000e+00   0.0000000e+00   0.0000000e+00   0.0000000e+00   0.0000000e+00   0.0000000e+00
   0.0000000e+00   0.0000000e+00   0.0000000e+00   0.0000000e+00   0.0000000e+00   0.0000000e+00   0.0000000e+00   0.0000000e+00   0.0000000e+00   0.0000000e+00   0.0000000e+00   0.0000000e+00   0.0000000e+00   0.0000000e+00   0.0000000e+00   0.0000000e+00   0.0000000e+00   0.0000000e+00   0.0000000e+00   0.0000000e+00
